{
    "aabb": [
        [
            -0.5,
            -0.5,
            -0.5
        ],
        [
            0.5,
            0.5,
            0.5
        ]
    ],
    "scale": 0.12913122229452445,
    "offset": [
        -0.0,
        -0.0,
        -0.0
    ],
    "frames": [
        {
            "file_path": "000.png",
            "camera_angle_x": 0.6981317007977318,
            "transform_matrix": [
                [
                    0.5981491804122925,
                    -0.7086278200149536,
                    -0.3742516040802002,
                    -0.7485031485557556
                ],
                [
                    -0.8013848066329956,
                    -0.5289159417152405,
                    -0.27933934330940247,
                    -0.5586786270141602
                ],
                [
                    -6.353135795222897e-09,
                    0.467006117105484,
                    -0.8842541575431824,
                    -1.7685081958770752
                ],
                [
                    0,
                    0,
                    0,
                    1
                ]
            ]
        },
        {
            "file_path": "001.png",
            "camera_angle_x": 0.6981317007977318,
            "transform_matrix": [
                [
                    -0.5981490612030029,
                    0.5750635862350464,
                    0.5581392049789429,
                    1.1162784099578857
                ],
                [
                    0.8013847470283508,
                    0.4292243421077728,
                    0.416592001914978,
                    0.8331840634346008
                ],
                [
                    4.268807529683727e-09,
                    0.6964684128761292,
                    -0.7175872921943665,
                    -1.435174822807312
                ],
                [
                    0,
                    0,
                    0,
                    1
                ]
            ]
        },
        {
            "file_path": "002.png",
            "camera_angle_x": 0.6981317007977318,
            "transform_matrix": [
                [
                    0.8013847470283508,
                    0.32953283190727234,
                    0.4991900622844696,
                    0.9983798861503601
                ],
                [
                    0.598149299621582,
                    -0.44149988889694214,
                    -0.6688019037246704,
                    -1.3376034498214722
                ],
                [
                    2.664783238515156e-08,
                    0.8345577716827393,
                    -0.5509211421012878,
                    -1.1018415689468384
                ],
                [
                    0,
                    0,
                    0,
                    1
                ]
            ]
        },
        {
            "file_path": "003.png",
            "camera_angle_x": 0.6981317007977318,
            "transform_matrix": [
                [
                    -0.8013847470283508,
                    -0.22984126210212708,
                    -0.5522277355194092,
                    -1.1044554710388184
                ],
                [
                    -0.5981492400169373,
                    0.30793532729148865,
                    0.7398603558540344,
                    1.4797207117080688
                ],
                [
                    -2.449635161383412e-09,
                    0.9232273697853088,
                    -0.3842540681362152,
                    -0.7685081958770752
                ],
                [
                    0,
                    0,
                    0,
                    1
                ]
            ]
        },
        {
            "file_path": "004.png",
            "camera_angle_x": 0.6981317007977318,
            "transform_matrix": [
                [
                    0.9896199703216553,
                    -0.031269319355487823,
                    -0.14026609063148499,
                    -0.28053218126296997
                ],
                [
                    -0.1437092423439026,
                    -0.2153288722038269,
                    -0.9659095406532288,
                    -1.931818962097168
                ],
                [
                    -1.9526771311006996e-09,
                    0.9760408997535706,
                    -0.2175874412059784,
                    -0.4351748526096344
                ],
                [
                    0,
                    0,
                    0,
                    1
                ]
            ]
        },
        {
            "file_path": "005.png",
            "camera_angle_x": 0.6981317007977318,
            "transform_matrix": [
                [
                    -0.9896199107170105,
                    0.007317783776670694,
                    0.14352281391620636,
                    0.2870456278324127
                ],
                [
                    0.14370925724506378,
                    0.05039219558238983,
                    0.9883360862731934,
                    1.9766722917556763
                ],
                [
                    2.3872912535694013e-09,
                    0.9987027049064636,
                    -0.050920721143484116,
                    -0.1018415242433548
                ],
                [
                    0,
                    0,
                    0,
                    1
                ]
            ]
        },
        {
            "file_path": "006.png",
            "camera_angle_x": 0.6981317007977318,
            "transform_matrix": [
                [
                    0.14370915293693542,
                    -0.03818152844905853,
                    0.9888831377029419,
                    1.9777662754058838
                ],
                [
                    0.9896199703216553,
                    0.005544543731957674,
                    -0.1436021775007248,
                    -0.28720447421073914
                ],
                [
                    1.3905875562159054e-08,
                    0.9992554783821106,
                    0.038581978529691696,
                    0.0771639347076416
                ],
                [
                    0,
                    0,
                    0,
                    1
                ]
            ]
        },
        {
            "file_path": "007.png",
            "camera_angle_x": 0.6981317007977318,
            "transform_matrix": [
                [
                    -0.14370939135551453,
                    0.09316037595272064,
                    -0.9852253198623657,
                    -1.970450520515442
                ],
                [
                    -0.9896199703216553,
                    -0.013528471812605858,
                    0.14307115972042084,
                    0.28614211082458496
                ],
                [
                    2.717935743135058e-08,
                    0.9955592751502991,
                    0.09413746744394302,
                    0.1882750391960144
                ],
                [
                    0,
                    0,
                    0,
                    1
                ]
            ]
        },
        {
            "file_path": "008.png",
            "camera_angle_x": 0.6981317007977318,
            "transform_matrix": [
                [
                    0.8592944741249084,
                    0.07656515389680862,
                    -0.5057180523872375,
                    -1.011436104774475
                ],
                [
                    -0.5114811658859253,
                    0.12863032519817352,
                    -0.8496124744415283,
                    -1.699224829673767
                ],
                [
                    -5.710599992880816e-09,
                    0.9887325763702393,
                    0.14969295263290405,
                    0.2993861436843872
                ],
                [
                    0,
                    0,
                    0,
                    1
                ]
            ]
        },
        {
            "file_path": "009.png",
            "camera_angle_x": 0.6981317007977318,
            "transform_matrix": [
                [
                    -0.8592944145202637,
                    -0.10498079657554626,
                    0.5005917549133301,
                    1.0011833906173706
                ],
                [
                    0.5114812254905701,
                    -0.17636889219284058,
                    0.840999960899353,
                    1.681999921798706
                ],
                [
                    -3.337454046459243e-08,
                    0.978709876537323,
                    0.20524851977825165,
                    0.4104972779750824
                ],
                [
                    0,
                    0,
                    0,
                    1
                ]
            ]
        },
        {
            "file_path": "010.png",
            "camera_angle_x": 0.6981317007977318,
            "transform_matrix": [
                [
                    0.5114810466766357,
                    -0.22410757839679718,
                    0.8295559287071228,
                    1.659111499786377
                ],
                [
                    0.8592946529388428,
                    0.1333962082862854,
                    -0.493779718875885,
                    -0.98755943775177
                ],
                [
                    5.517354750850245e-08,
                    0.9653918743133545,
                    0.2608039975166321,
                    0.5216083526611328
                ],
                [
                    0,
                    0,
                    0,
                    1
                ]
            ]
        },
        {
            "file_path": "011.png",
            "camera_angle_x": 0.6981317007977318,
            "transform_matrix": [
                [
                    -0.5114811658859253,
                    0.2718461751937866,
                    -0.8151605129241943,
                    -1.6303210258483887
                ],
                [
                    -0.8592944741249084,
                    -0.16181206703186035,
                    0.4852111041545868,
                    0.9704223275184631
                ],
                [
                    -2.8776664606766644e-08,
                    0.9486392736434937,
                    0.3163597583770752,
                    0.6327195167541504
                ],
                [
                    0,
                    0,
                    0,
                    1
                ]
            ]
        },
        {
            "file_path": "012.png",
            "camera_angle_x": 0.6981317007977318,
            "transform_matrix": [
                [
                    0.9692847728729248,
                    -0.09146925806999207,
                    0.22829896211624146,
                    0.4565979242324829
                ],
                [
                    0.2459411323070526,
                    0.3604917526245117,
                    -0.8997548222541809,
                    -1.7995095252990723
                ],
                [
                    -4.6352344185152106e-09,
                    0.9282667636871338,
                    0.37191522121429443,
                    0.7438306212425232
                ],
                [
                    0,
                    0,
                    0,
                    1
                ]
            ]
        },
        {
            "file_path": "013.png",
            "camera_angle_x": 0.6981317007977318,
            "transform_matrix": [
                [
                    -0.9692848920822144,
                    0.10513265430927277,
                    -0.2223379760980606,
                    -0.44467589259147644
                ],
                [
                    -0.2459411472082138,
                    -0.414341002702713,
                    0.8762617707252502,
                    1.7525233030319214
                ],
                [
                    -6.687184139764213e-10,
                    0.9040292501449585,
                    0.42747074365615845,
                    0.854941725730896
                ],
                [
                    0,
                    0,
                    0,
                    1
                ]
            ]
        },
        {
            "file_path": "014.png",
            "camera_angle_x": 0.6981317007977318,
            "transform_matrix": [
                [
                    -0.24594135582447052,
                    -0.46819013357162476,
                    0.8487114310264587,
                    1.697422742843628
                ],
                [
                    0.9692848324775696,
                    -0.11879625916481018,
                    0.21534757316112518,
                    0.43069496750831604
                ],
                [
                    4.668399000706813e-08,
                    0.8756058812141418,
                    0.48302632570266724,
                    0.9660528302192688
                ],
                [
                    0,
                    0,
                    0,
                    1
                ]
            ]
        },
        {
            "file_path": "015.png",
            "camera_angle_x": 0.6981317007977318,
            "transform_matrix": [
                [
                    0.24594107270240784,
                    0.5220392942428589,
                    -0.8166933655738831,
                    -1.6333866119384766
                ],
                [
                    -0.9692848324775696,
                    0.1324593871831894,
                    -0.20722338557243347,
                    -0.41444677114486694
                ],
                [
                    -1.3803362008957265e-08,
                    0.8425731658935547,
                    0.538581907749176,
                    1.0771639347076416
                ],
                [
                    0,
                    0,
                    0,
                    1
                ]
            ]
        },
        {
            "file_path": "016.png",
            "camera_angle_x": 0.6981317007977318,
            "transform_matrix": [
                [
                    0.7429983019828796,
                    0.397652268409729,
                    -0.5383551120758057,
                    -1.0767101049423218
                ],
                [
                    -0.6692932844161987,
                    0.44144314527511597,
                    -0.5976407527923584,
                    -1.1952815055847168
                ],
                [
                    -2.0903588193732503e-08,
                    0.8043635487556458,
                    0.5941374897956848,
                    1.1882750988006592
                ],
                [
                    0,
                    0,
                    0,
                    1
                ]
            ]
        },
        {
            "file_path": "017.png",
            "camera_angle_x": 0.6981317007977318,
            "transform_matrix": [
                [
                    -0.742998480796814,
                    -0.43483516573905945,
                    0.5087946057319641,
                    1.0175889730453491
                ],
                [
                    0.6692933440208435,
                    -0.4827209413051605,
                    0.5648249387741089,
                    1.1296496391296387
                ],
                [
                    5.044094919526287e-09,
                    0.7601967453956604,
                    0.649692952632904,
                    1.2993861436843872
                ],
                [
                    0,
                    0,
                    0,
                    1
                ]
            ]
        },
        {
            "file_path": "018.png",
            "camera_angle_x": 0.6981317007977318,
            "transform_matrix": [
                [
                    0.6692931652069092,
                    -0.5239986777305603,
                    0.526756227016449,
                    1.0535123348236084
                ],
                [
                    0.742998480796814,
                    0.4720180332660675,
                    -0.47450217604637146,
                    -0.9490043520927429
                ],
                [
                    4.377782758524518e-08,
                    0.7089601159095764,
                    0.7052485942840576,
                    1.4104973077774048
                ],
                [
                    0,
                    0,
                    0,
                    1
                ]
            ]
        },
        {
            "file_path": "019.png",
            "camera_angle_x": 0.6981317007977318,
            "transform_matrix": [
                [
                    -0.6692933440208435,
                    0.5652762055397034,
                    -0.48219215869903564,
                    -0.9643843770027161
                ],
                [
                    -0.7429982423782349,
                    -0.5092012286186218,
                    0.4343589246273041,
                    0.8687179088592529
                ],
                [
                    -6.849344913462119e-08,
                    0.6489814519882202,
                    0.7608042359352112,
                    1.5216083526611328
                ],
                [
                    0,
                    0,
                    0,
                    1
                ]
            ]
        },
        {
            "file_path": "020.png",
            "camera_angle_x": 0.6981317007977318,
            "transform_matrix": [
                [
                    0.9986409544944763,
                    -0.04254651814699173,
                    0.030100056901574135,
                    0.06020011752843857
                ],
                [
                    0.05211736261844635,
                    0.8152502775192261,
                    -0.5767588019371033,
                    -1.153517723083496
                ],
                [
                    4.544695730857029e-10,
                    0.5775437355041504,
                    0.8163597583770752,
                    1.6327195167541504
                ],
                [
                    0,
                    0,
                    0,
                    1
                ]
            ]
        },
        {
            "file_path": "021.png",
            "camera_angle_x": 0.6981317007977318,
            "transform_matrix": [
                [
                    -0.9986410140991211,
                    0.04544192925095558,
                    -0.02551962062716484,
                    -0.05103923752903938
                ],
                [
                    -0.05211736634373665,
                    -0.8707303404808044,
                    0.48899132013320923,
                    0.9779825210571289
                ],
                [
                    1.8993262518307574e-09,
                    0.4896567761898041,
                    0.8719152808189392,
                    1.7438305616378784
                ],
                [
                    0,
                    0,
                    0,
                    1
                ]
            ]
        },
        {
            "file_path": "022.png",
            "camera_angle_x": 0.6981317007977318,
            "transform_matrix": [
                [
                    -0.0521174855530262,
                    -0.9262104034423828,
                    0.37338733673095703,
                    0.7467746138572693
                ],
                [
                    0.9986410140991211,
                    -0.048337459564208984,
                    0.019486460834741592,
                    0.0389728918671608
                ],
                [
                    1.8106165455833434e-08,
                    0.37389546632766724,
                    0.927470862865448,
                    1.854941725730896
                ],
                [
                    0,
                    0,
                    0,
                    1
                ]
            ]
        },
        {
            "file_path": "023.png",
            "camera_angle_x": 0.6981317007977318,
            "transform_matrix": [
                [
                    0.05211729556322098,
                    0.981690526008606,
                    -0.18321482837200165,
                    -0.36642950773239136
                ],
                [
                    -0.9986410140991211,
                    0.051232658326625824,
                    -0.009561754763126373,
                    -0.01912333071231842
                ],
                [
                    -8.774814830303512e-08,
                    0.1834641695022583,
                    0.983026385307312,
                    1.966052770614624
                ],
                [
                    0,
                    0,
                    0,
                    1
                ]
            ]
        }
    ]
}